calibration_time: "Mon 25 Mar 2024 03:32:46 PM "
nr_of_frames: 7
image_width: 1280
image_height: 800
board_width: 12
board_height: 9
square_size: 30.
# flags: +use_lu
flags: 131072
fisheye_model: 0
camera_matrix:
   rows: 3
   cols: 3
   dt: d
   data: [ 9.0025272544226027e+02, 0., 6.4421359754439891e+02, 0.,
       9.0060381169730317e+02, 4.2542276005129662e+02, 0., 0., 1. ]
distortion_coefficients:
   rows: 1
   cols: 5
   dt: d
   data: [ 4.0168846360832733e-02, -4.9854231072643307e-02,
       4.2621537847594115e-04, -6.4643597270374069e-04,
       -1.9559944930388911e-02 ]
avg_reprojection_error: 3.6394591480002630e-01
