---
calibration_time: "Mon 25 Mar 2024 03:26:31 PM "
nr_of_frames: 6
image_width: 1600
image_height: 1200
board_width: 12
board_height: 9
square_size: 30.
# flags: +use_lu
flags: 131072
fisheye_model: 0
camera_matrix:
   rows: 3
   cols: 3
   dt: d
   data: [ 9.0019652299567929e+02, 0., 8.0831535408285140e+02, 0.,
       9.0111922414163416e+02, 6.6605430541919986e+02, 0., 0., 1. ]
distortion_coefficients:
   rows: 1
   cols: 5
   dt: d
   data: [ 5.1215671845993460e-02, -8.5406971888721706e-02,
       8.9224218414828865e-04, 4.6374908220072134e-04,
       2.5391327686872366e-02 ]
avg_reprojection_error: 2.0530854668612128e-01
