calibration_time: "Mon 25 Mar 2024 03:07:07 PM "
nr_of_frames: 12
image_width: 1280
image_height: 800
board_width: 12
board_height: 9
square_size: 30.
# flags: +use_lu
flags: 131072
fisheye_model: 0
camera_matrix:
   rows: 3
   cols: 3
   dt: d
   data: [ 8.9580140981680574e+02, 0., 6.1576102701972582e+02, 0.,
       8.9714415409474566e+02, 4.3858703391766102e+02, 0., 0., 1. ]
distortion_coefficients:
   rows: 1
   cols: 5
   dt: d
   data: [ 3.2319232521095476e-02, -4.6359676454866709e-02,
       2.5097830578707297e-03, -2.8118804780153983e-04,
       -1.8315089133261280e-02 ]
avg_reprojection_error: 1.6663475483133054e+00
